2543  50937
2543  50937
2543  50937
2543  50937
2543  50937
2543  50937
2543  50937
2543  50937
2543  50937
2543  50937
2543  50937
2543  50937
2543  50937
2543  50937
2543  50937
2543  50937
2531  51067
2497  51108
2497  51108
2571  51351
2513  51304
2513  51304
2540  51548
2842  51670
2842  51670
2563  51801
2506  51850
2506  51850
2595  51887
2710  51802
2710  51802
2710  51802
2710  51802
2710  51802
2710  51802
2710  51802
2710  51802
2710  51802
2710  51802
2710  51802
2710  51802
2710  51802
2710  51802
2710  51802
2710  51802
2710  51802
2710  51802
2710  51802
2710  51802
2710  51802
2710  51802
2710  51802
2710  51802
2710  51802
2710  51802
2696  51641
2467  51439
2467  51439
2380  51042
2426  50847
2426  50847
2447  50924
2455  50893
2455  50893
2439  51099
2559  51275
2559  51275
2633  51337
2633  51337
2633  51337
2633  51337
2633  51337
2633  51337
2633  51337
2633  51337
2633  51337
2633  51337
2633  51337
2633  51337
2633  51337
2633  51337
2633  51337
2633  51337
2633  51337
2633  51337
2633  51337
2633  51337
2633  51337
2633  51337
2633  51337
2633  51337
2633  51337
2633  51337
2633  51337
2676  51472
2821  51542
2821  51542
2770  51565
3478  51712
3478  51712
2794  51822
3022  51915
2986  51944
3004  51967
3004  51967
3263  51889
2922  51422
2922  51422
2922  51422
2922  51422
2922  51422
2922  51422
2922  51422
2922  51422
2922  51422
2922  51422
2922  51422
2922  51422
2922  51422
2922  51422
2922  51422
2922  51422
2922  51422
2922  51422
2922  51422
2922  51422
2922  51422
2922  51422
2922  51422
2922  51422
2922  51422
2922  51422
3020  51205
3032  51024
3052  51009
3305  51083
3303  51059
3322  50995
3396  51060
3381  51092
3555  50910
3872  51010
3858  51011
4211  51141
4541  51303
4736  51326
4579  51308
4579  51308
4579  51308
4579  51308
4579  51308
4579  51308
4579  51308
4579  51308
4579  51308
4579  51308
4579  51308
4579  51308
4579  51308
4579  51308
4579  51308
4579  51308
4579  51308
4579  51308
4589  51407
4739  51456
4739  51456
5013  51494
5323  51569
5319  51335
5309  51344
5246  51145
5198  50850
5195  50821
5195  50821
5364  50754
5338  50625
5291  50548
5426  50681
5426  50681
5426  50681
5426  50681
5426  50681
5426  50681
5426  50681
5426  50681
5426  50681
5426  50681
5426  50681
5426  50681
5426  50681
5426  50681
5426  50681
5426  50681
5426  50681
5426  50681
5426  50681
5426  50681
5426  50681
5426  50681
5347  50578
5366  50512
5366  50512
5448  50545
5454  50598
5505  50753
5524  50745
5585  50893
5542  50982
5538  50986
5538  50986
5492  51122
6433  51195
6433  51195
6313  51213
5606  51315
5604  51438
5715  51751
5770  51690
5896  51737
6129  51846
6129  51846
6129  51846
6129  51846
6129  51846
6129  51846
6129  51846
6129  51846
6129  51846
6129  51846
6129  51846
6129  51846
6129  51846
6129  51846
6129  51846
6129  51846
6129  51846
6113  51847
5987  51558
5987  51558
6011  51363
6052  51077
6052  51077
6270  50941
6337  50746
6337  50746
6422  50906
6478  50954
6451  51004
6548  51235
6548  51235
6513  51232
6574  51318
6574  51318
6574  51318
6574  51318
6574  51318
6574  51318
6574  51318
6574  51318
6574  51318
6574  51318
6574  51318
6574  51318
6574  51318
6574  51318
6574  51318
6574  51318
6574  51318
6574  51318
6574  51318
6574  51318
6574  51318
6574  51318
6574  51318
6574  51318
6574  51318
6604  51457
6786  51758
6745  51807
6794  51781
6794  51781
7005  51769
7180  51654
7180  51654
7149  51648
7149  51648
7023  51482
6933  51346
7009  51261
7009  51261
7009  51261
7009  51261
7009  51261
7009  51261
7009  51261
7009  51261
7009  51261
7009  51261
7009  51261
7009  51261
7009  51261
7009  51261
7009  51261
7009  51261
7009  51261
7009  51261
7009  51261
7009  51261
7009  51261
7009  51261
7009  51261
7009  51261
7009  51261
7009  51261
7028  51264
7020  51368
7020  51368
6954  51579
7045  51697
7045  51697
7078  51732
7703  51763
7703  51763
7471  51765
7183  51833
7265  51917
7265  51917
7176  51959
7360  51902
7360  51902
7348  51912
7348  51912
7348  51912
7421  52071
7421  52071
7421  52071
7421  52071
7421  52071
7421  52071
7421  52071
7421  52071
7421  52071
7421  52071
7421  52071
7421  52071
7421  52071
7421  52071
7421  52071
7421  52071
7421  52071
7421  52071
7421  52071
7421  52071
7421  52071
7551  51836
7416  51615
7416  51615
7337  51419
7378  51079
7378  51079
7398  50819
7389  50762
7389  50762
7484  50734
7467  50967
7467  50967
7540  51252
7540  51252
7540  51252
7540  51252
7540  51252
7540  51252
7540  51252
7540  51252
7540  51252
7540  51252
7540  51252
7540  51252
7540  51252
7540  51252
7540  51252
7540  51252
7540  51252
7540  51252
7540  51252
7540  51252
7540  51252
7540  51252
7540  51252
7540  51252
7540  51252
7540  51252
7540  51252
7600  51345
7549  51402
7549  51402
8384  51636
7570  51766
7667  51841
7638  52045
7638  52045
7782  52213
8025  52228
7981  52245
7666  51713
7689  51708
7734  51434
7734  51434
7743  51346
7743  51346
7743  51346
7743  51346
7743  51346
7743  51346
7743  51346
7743  51346
7743  51346
7743  51346
7743  51346
7743  51346
7743  51346
7743  51346
7743  51346
7743  51346
7743  51346
7743  51346
7743  51346
7743  51346
7743  51346
7743  51346
7743  51346
7757  51269
7728  51079
7728  51079
7806  51175
7724  51355
7724  51355
7758  51545
7827  51824
7827  51824
7724  52289
8781  52652
8575  52693
8310  52712
8100  52740
8060  52793
8060  52793
8060  52793
8060  52793
8060  52793
8060  52793
8060  52793
8060  52793
8060  52793
8060  52793
8060  52793
8060  52793
8060  52793
8060  52793
8060  52793
8060  52793
8060  52793
8060  52793
8060  52793
8060  52793
8060  52793
8060  52793
7845  52674
7938  52749
7954  52788
7965  52886
7965  52886
7965  52910
7965  52910
7987  52912
7987  52912
7985  52933
7985  52933
7975  52941
7975  52941
7937  52914
8311  52643
7904  51740
7878  51457
7845  51085
7772  51041
7772  51041
7772  51041
7772  51041
7772  51041
7772  51041
7772  51041
7772  51041
7772  51041
7772  51041
7772  51041
7772  51041
7772  51041
7772  51041
7772  51041
7772  51041
7772  51041
7772  51041
7749  51137
7760  51360
7760  51360
7721  51408
7686  51721
7649  51893
7711  51831
7615  51960
7614  51977
7614  51977
7687  52550
7464  52893
7525  52836
7702  53006
7741  53025
7741  53025
7574  53036
7574  53036
7574  53036
7574  53036
7574  53036
7574  53036
7574  53036
7574  53036
7574  53036
7574  53036
7574  53036
7574  53036
7574  53036
7574  53036
7574  53036
7574  53036
7574  53036
7574  53036
7574  53036
7544  53170
7510  53212
7497  53278
7558  53474
7554  53417
7665  53241
7693  52857
7279  52442
7218  52498
7218  52498
7222  52469
7116  52062
7116  51998
7086  51736
7086  51736
7086  51736
7086  51736
7086  51736
7086  51736
7086  51736
7086  51736
7086  51736
7086  51736
7086  51736
7086  51736
7086  51736
7086  51736
7086  51736
7086  51736
7086  51736
7086  51736
7086  51736
7086  51736
7086  51736
7086  51736
7086  51736
7086  51736
7115  51746
7012  51783
7039  51782
7053  51765
7053  51765
6949  51706
6821  51643
6872  51687
6891  52154
7422  52229
7190  52271
7515  53123
7200  53437
7200  53437
7228  53470
7069  53271
7068  53138
7110  53184
7110  53184
7110  53184
7110  53184
7110  53184
7110  53184
7110  53184
7110  53184
7110  53184
7110  53184
7110  53184
7110  53184
7110  53184
7110  53184
7110  53184
7110  53184
7110  53184
7110  53184
7110  53184
7110  53184
7305  52975
6420  51952
6420  51952
6420  51952
6546  51471
6626  51306
6568  51410
6628  51522
6606  51536
6701  51555
6701  51555
6616  51467
6585  51520
6585  51520
6681  51636
6681  51636
6681  51636
6681  51636
6681  51636
6681  51636
6681  51636
6681  51636
6681  51636
6681  51636
6681  51636
6681  51636
6681  51636
6681  51636
6681  51636
6681  51636
6681  51636
6681  51636
6681  51636
6681  51636
6681  51636
6681  51636
6681  51636
6681  51636
6681  51721
6684  51732
6684  51732
7366  51809
6684  52023
6684  52023
6675  52208
6749  52261
6749  52261
6885  52356
6661  52070
6661  52070
6613  51674
6613  51674
6613  51674
6613  51674
6613  51674
6613  51674
6613  51674
6613  51674
6613  51674
6613  51674
6613  51674
6613  51674
6613  51674
6613  51674
6613  51674
6613  51674
6613  51674
6613  51674
6613  51674
6613  51674
6613  51674
6613  51674
6613  51674
6613  51674
6613  51674
6613  51674
6613  51674
6613  51674
6570  51420
6608  51198
6608  51198
6599  51172
6608  51101
6608  51101
6608  51101
6623  51172
6593  51191
6599  51227
6693  51299
6693  51299
6776  51560
6811  52075
6811  52075
6758  52341
7520  52421
7520  52421
7520  52421
7520  52421
7520  52421
7520  52421
7520  52421
7520  52421
7520  52421
7520  52421
7520  52421
7520  52421
7520  52421
7520  52421
7520  52421
7520  52421
7520  52421
7520  52421
7520  52421
7520  52421
7520  52421
7520  52421
6737  52463
6741  52775
6741  52775
6728  52907
6788  52781
6788  52781
6896  52591
6511  52089
6511  52089
6478  51825
6394  51616
6394  51616
6433  51550
6433  51550
6433  51550
6460  51646
6460  51646
6460  51646
6460  51646
6460  51646
6460  51646
6460  51646
6460  51646
6460  51646
6460  51646
6460  51646
6460  51646
6460  51646
6460  51646
6460  51646
6460  51646
6460  51646
6460  51646
6460  51646
6460  51646
6460  51646
6460  51646
6460  51646
6460  51646
6460  51646
6343  51462
6449  51602
6424  51583
6346  51733
6346  51733
6387  51772
6387  51772
6387  51772
6357  51861
6277  52005
6246  51983
6454  52301
6454  52301
6354  52383
6354  52366
6354  52366
6475  52438
6475  52438
6475  52438
6475  52438
6475  52438
6475  52438
6475  52438
6475  52438
6475  52438
6475  52438
6475  52438
6475  52438
6475  52438
6475  52438
6475  52438
6475  52438
6475  52438
6475  52438
6475  52438
6475  52438
6475  52438
6556  52453
6602  52175
6602  52175
6324  51740
6332  51525
6332  51525
6386  51280
6382  51293
6388  51276
6414  51203
6414  51203
6488  51290
6426  51196
6426  51196
6426  51196
6426  51196
6426  51196
6426  51196
6426  51196
6426  51196
6426  51196
6426  51196
6426  51196
6426  51196
6426  51196
6426  51196
6426  51196
6426  51196
6426  51196
6426  51196
6426  51196
6426  51196
6426  51196
6426  51196
6426  51196
6426  51196
6426  51196
6435  51166
6418  51194
6418  51194
7072  51449
6470  51484
6470  51484
6497  51657
6572  51615
6572  51615
6753  51526
6480  51091
6480  51091
6488  50764
6424  50762
6424  50762
6424  50762
6424  50762
6424  50762
6424  50762
6424  50762
6424  50762
6424  50762
6424  50762
6424  50762
6424  50762
6424  50762
6424  50762
6424  50762
6424  50762
6424  50762
6424  50762
6424  50762
6424  50762
6424  50762
6424  50762
6424  50762
6424  50762
6424  50762
6424  50762
6505  50576
6491  50585
6509  50545
6504  50572
6504  50572
6544  50593
6544  50593
6544  50593
6518  50703
6588  50898
6588  50898
6572  51112
6556  51278
6747  51474
6706  51776
6715  51801
6720  51781
6720  51781
6720  51781
6720  51781
6720  51781
6720  51781
6720  51781
6720  51781
6720  51781
6720  51781
6720  51781
6720  51781
6720  51781
6720  51781
6720  51781
6720  51781
6720  51781
6720  51781
6720  51781
6720  51781
6680  51672
6738  51735
6738  51735
6801  51930
6908  51715
6898  51735
6991  51770
6844  51588
6662  51231
6662  51231
6662  51231
6670  50928
6642  50877
6668  50898
6651  51028
6651  51028
6651  51028
6651  51028
6651  51028
6651  51028
6651  51028
6651  51028
6651  51028
6651  51028
6651  51028
6651  51028
6651  51028
6651  51028
6651  51028
6651  51028
6651  51028
6651  51028
6651  51028
6651  51028
6651  51028
6651  51028
6651  51028
6651  51028
6537  51138
6651  51469
6652  51485
6630  51847
6649  52016
6790  52125
6790  52125
6790  52125
6790  52125
6790  52125
6790  52125
6790  52125
6790  52125
6790  52125
6790  52125
6790  52125
6790  52125
6790  52125
6790  52125
6790  52125
6790  52125
6790  52125
6790  52125
6790  52125
6790  52125
6790  52125
6790  52125
6790  52125
6790  52125
6790  52125
6790  52125
6790  52125
6790  52125
6790  52125
6790  52125
6790  52125
6790  52125
6790  52125
6790  52125
6790  52125
6464  51950
6384  51429
6365  51419
6340  51065
6327  51085
6318  51050
6321  50797
6232  50978
6232  50978
6257  51069
6257  51069
6257  51069
6257  51069
6257  51069
6257  51069
6257  51069
6257  51069
6257  51069
6257  51069
6257  51069
6257  51069
6257  51069
6257  51069
6257  51069
6257  51069
6257  51069
6257  51069
6257  51069
6257  51069
6257  51069
6257  51069
6257  51069
6257  51069
6257  51069
6257  51069
6257  51069
6257  51069
6257  51069
6257  51069
6257  51069
6311  51301
6244  51408
6244  51408
6244  51408
6251  51518
6313  51733
6313  51733
6492  51776
6284  51281
6284  51281
6106  50951
6156  50720
6211  50693
6149  50595
6149  50595
6149  50595
6149  50595
6149  50595
6149  50595
6149  50595
6149  50595
6149  50595
6149  50595
6149  50595
6149  50595
6149  50595
6149  50595
6149  50595
6149  50595
6149  50595
6149  50595
6149  50595
6149  50595
6149  50595
6149  50595
6149  50595
6149  50595
6149  50595
6149  50595
6062  50563
6141  50614
6112  50597
6139  50783
6139  50783
6066  50753
6094  51113
6075  51177
6075  51177
6075  51177
6058  51312
6452  51449
6452  51449
6689  51460
6210  51531
6210  51531
5964  51633
6063  51741
6063  51741
6063  51741
6063  51741
6063  51741
6063  51741
6063  51741
6063  51741
6063  51741
6063  51741
6063  51741
6063  51741
6063  51741
6063  51741
6063  51741
6063  51741
6063  51741
6063  51741
6063  51741
6063  51741
6063  51741
6048  51885
6163  51962
6163  51962
6253  51597
5967  51227
5967  51227
5974  51180
5950  50965
5950  50965
5992  50957
5865  50774
5865  50774
5919  50578
5843  50742
5862  50697
5885  50891
5885  50891
5885  50891
5885  50891
5885  50891
5885  50891
5885  50891
5885  50891
5885  50891
5885  50891
5885  50891
5885  50891
5885  50891
5885  50891
5885  50891
5885  50891
5885  50891
5885  50891
5885  50891
5885  50891
5885  50891
5885  50891
5885  50891
5847  50893
5789  50999
5829  51048
5809  51436
5809  51436
5804  51662
5748  51751
5769  51744
5757  51924
5757  51924
5757  51924
5757  51924
5847  51935
6036  51977
6036  51977
5865  51595
5865  51595
5865  51595
5865  51595
5865  51595
5865  51595
5865  51595
5865  51595
5865  51595
5865  51595
5865  51595
5865  51595
5865  51595
5865  51595
5865  51595
5865  51595
5865  51595
5865  51595
5865  51595
5865  51595
5865  51595
5865  51595
5865  51595
5745  51265
5680  50936
5701  50948
5660  50983
5660  50983
5696  50960
5696  50960
5696  50960
5718  51055
5709  50899
5709  50899
5791  51174
5869  51384
5869  51384
5814  51561
6606  51664
6606  51664
6606  51664
6606  51664
6606  51664
6606  51664
6606  51664
6606  51664
6606  51664
6606  51664
6606  51664
6606  51664
6606  51664
6606  51664
6606  51664
6606  51664
6606  51664
6606  51664
6606  51664
6606  51664
6606  51664
6606  51664
6606  51664
5998  51681
5853  51806
5853  51806
5902  51987
6047  52054
6047  52054
6320  51876
6128  51378
6128  51378
6098  50837
6106  50421
6106  50421
6121  50434
6121  50434
6121  50434
6149  50359
6149  50359
6149  50359
6149  50359
6149  50359
6149  50359
6149  50359
6149  50359
6149  50359
6149  50359
6149  50359
6149  50359
6149  50359
6149  50359
6149  50359
6149  50359
6149  50359
6149  50359
6149  50359
6149  50359
6149  50359
6149  50359
6149  50359
6149  50359
6175  50371
6173  50471
6186  50513
6172  50645
6172  50645
6267  51108
6257  51289
6257  51289
6234  51449
6227  51695
6244  51697
6301  51917
6301  51917
6301  51917
6301  51917
6301  51917
6301  51917
6301  51917
6301  51917
6301  51917
6301  51917
6301  51917
6301  51917
6301  51917
6301  51917
6301  51917
6301  51917
6301  51917
6301  51917
6301  51917
6301  51917
6301  51917
6301  51917
6301  51917
6301  51917
6301  51917
6301  51917
6301  51917
6294  51999
6405  52301
6518  52177
6564  52158
6374  51884
6374  51884
6324  51683
6227  51194
6238  51153
6131  51127
6122  51114
6180  50723
6140  50776
6164  50799
6212  50826
6125  50805
6153  50811
6153  50811
6106  50823
6106  50823
6106  50823
6106  50823
6106  50823
6106  50823
6106  50823
6106  50823
6106  50823
6106  50823
6106  50823
6106  50823
6106  50823
6106  50823
6106  50823
6116  50725
6160  51039
6094  51047
6080  51147
6183  51247
6225  51227
6213  51332
6008  51521
6065  51493
6163  51815
6220  51827
6269  51639
6023  51440
5994  51324
5994  51324
5994  51324
5994  51324
5994  51324
5994  51324
5994  51324
5994  51324
5994  51324
5994  51324
5994  51324
5994  51324
5994  51324
5994  51324
5994  51324
5994  51324
5994  51324
5994  51324
5994  51324
5994  51324
5994  51324
5994  51324
5994  51324
5994  51324
5942  51166
5993  51008
5974  50992
5994  50902
5980  50811
6001  50839
6001  50839
5884  50820
5974  50921
5974  50921
5977  51254
5937  51340
5937  51340
5929  51432
5929  51432
5929  51432
5929  51432
5929  51432
5929  51432
5929  51432
5929  51432
5929  51432
5929  51432
5929  51432
5929  51432
5929  51432
5929  51432
5929  51432
5929  51432
5929  51432
5929  51432
5929  51432
5929  51432
5929  51432
5929  51432
5929  51432
5929  51432
5903  51547
6095  51761
6095  51761
6102  51758
6010  51851
6010  51851
5921  52029
6020  52219
6020  52219
6062  52287
6198  52110
6222  52091
5910  51520
5910  51520
5896  51172
5876  50934
5876  50934
5876  50934
5876  50934
5876  50934
5876  50934
5876  50934
5876  50934
5876  50934
5876  50934
5876  50934
5876  50934
5876  50934
5876  50934
5876  50934
5876  50934
5876  50934
5876  50934
5876  50934
5876  50934
5876  50934
5876  50934
5876  50934
5876  50934
5876  50934
5832  50824
5851  50924
5851  50924
5880  50927
5837  50970
5769  50970
5855  51310
5810  51380
5838  51521
5838  51521
5827  51790
6600  51962
6600  51962
6600  51962
5987  52042
5987  52042
5987  52042
5987  52042
5987  52042
5987  52042
5987  52042
5987  52042
5987  52042
5987  52042
5987  52042
5987  52042
5987  52042
5987  52042
5987  52042
5987  52042
5987  52042
5987  52042
5987  52042
5987  52042
5987  52042
5987  52042
5987  52042
5987  52042
5969  52009
5789  52205
5789  52205
5879  52173
5853  52192
5853  52192
6012  52063
5919  51624
5897  51624
5744  51144
5744  51144
5791  51002
5729  50809
5729  50809
5770  50723
5770  50723
5770  50723
5770  50723
5770  50723
5770  50723
5770  50723
5770  50723
5770  50723
5770  50723
5770  50723
5770  50723
5770  50723
5770  50723
5770  50723
5770  50723
5770  50723
5770  50723
5770  50723
5770  50723
5770  50723
5770  50723
5770  50723
5770  50723
5770  50723
5770  50723
5770  50723
5784  50870
5816  50769
5816  50769
5860  50833
5915  50991
5915  50991
5870  51102
5952  51105
5952  51105
5913  51164
5995  51452
5995  51452
6154  51516
6181  51669
6181  51669
6181  51669
6181  51669
6181  51669
6181  51669
6181  51669
6181  51669
6181  51669
6181  51669
6181  51669
6181  51669
6181  51669
6181  51669
6181  51669
6181  51669
6181  51669
6181  51669
6181  51669
6181  51669
6181  51669
6181  51669
6181  51669
6181  51669
6181  51669
6181  51669
6181  51669
6029  51393
5909  51103
5836  51100
5827  51055
5827  51055
5760  50967
5812  50939
5812  50939
5734  51173
5775  51343
5775  51343
5740  51364
5740  51364
5740  51364
5838  51423
5856  51436
5856  51436
5856  51436
5856  51436
5856  51436
5856  51436
5856  51436
5856  51436
5856  51436
5856  51436
5856  51436
5856  51436
5856  51436
5856  51436
5856  51436
5856  51436
5856  51436
5856  51436
5856  51436
5856  51436
5856  51436
5856  51436
5856  51436
5856  51436
5856  51436
5826  51551
5741  51789
5755  51798
5912  51797
5912  51797
5772  51864
5703  52059
5703  52059
5735  52070
5735  52070
5735  52070
5859  52042
5758  51673
5758  51673
5550  51174
5438  50843
5438  50843
5438  50843
5438  50843
5438  50843
5438  50843
5438  50843
5438  50843
5438  50843
5438  50843
5438  50843
5438  50843
5438  50843
5438  50843
5438  50843
5438  50843
5438  50843
5438  50843
5438  50843
5438  50843
5438  50843
5438  50843
5438  50843
5438  50843
5473  50681
5365  50660
5365  50660
5376  50634
5376  50634
5419  50694
5274  50720
5274  50720
5292  50722
5292  50722
5292  50722
5398  50998
5285  51172
5285  51172
5285  51172
5285  51172
5846  51298
5358  51479
5358  51479
5353  51632
5353  51632
5353  51632
5353  51632
5353  51632
5353  51632
5353  51632
5353  51632
5353  51632
5353  51632
5353  51632
5353  51632
5353  51632
5353  51632
5353  51632
5353  51632
5353  51632
5353  51657
5345  51809
5345  51809
5501  51907
5543  51625
5543  51625
5244  51264
5215  50966
5217  50856
5165  50884
5168  50796
5090  50726
5075  50724
5056  50750
5052  50793
5038  50790
5033  50789
5033  50789
5033  50789
5033  50789
5033  50789
5033  50789
5033  50789
5033  50789
5033  50789
5033  50789
5033  50789
5033  50789
5033  50789
5033  50789
5033  50789
5033  50789
5033  50789
5033  50789
5033  50789
5033  50789
5033  50789
4939  50847
4932  50885
4944  50828
5347  50959
4892  51198
4892  51198
4928  51173
4761  51337
4778  51267
4790  51303
4790  51303
4838  51498
4947  51161
4870  51150
4651  50765
4643  50668
4643  50668
4643  50668
4643  50668
4643  50668
4643  50668
4643  50668
4643  50668
4643  50668
4643  50668
4643  50668
4643  50668
4643  50668
4643  50668
4643  50668
4643  50668
4643  50668
4643  50668
4643  50668
4643  50668
4575  50599
4568  50329
4629  50316
4655  50248
4655  50248
4635  50277
4635  50277
4633  50364
4699  50533
4726  50633
4560  51072
4605  51333
4688  51547
4688  51547
4688  51547
4688  51547
4688  51547
4688  51547
4688  51547
4688  51547
4688  51547
4688  51547
4688  51547
4688  51547
4688  51547
4688  51547
4688  51547
4688  51547
4688  51547
4688  51547
4688  51547
4688  51547
4688  51547
4688  51547
4688  51547
4688  51547
4689  51621
4634  51711
4652  51704
4721  51881
4758  51875
4758  51875
4730  51857
4858  51518
4858  51518
4589  51157
4532  50906
4532  50906
4498  50859
4530  50831
4414  50671
4554  50664
4438  50851
4540  50917
4505  50902
4505  50902
4505  50902
4505  50902
4505  50902
4505  50902
4505  50902
4505  50902
4505  50902
4505  50902
4505  50902
4505  50902
4505  50902
4505  50902
4505  50902
4505  50902
4505  50902
4505  50902
4505  50902
4505  50902
4505  50902
4564  51004
4613  51301
4613  51301
4517  51491
4709  51653
4709  51653
4653  51906
5450  51988
5450  51988
5393  51973
5393  51973
5393  51973
4721  52071
4724  52006
4724  52006
4771  52008
4873  52168
4873  52168
4873  52168
4873  52168
4873  52168
4873  52168
4873  52168
4873  52168
4873  52168
4873  52168
4873  52168
4873  52168
4873  52168
4873  52168
4873  52168
4873  52168
4873  52168
4873  52168
4873  52168
4873  52168
4873  52168
4873  52168
4873  52168
4964  51923
4874  51398
4874  51398
4687  51005
4656  50745
4656  50745
4720  50449
4683  50213
4683  50213
4687  50208
4687  50208
4626  50157
4542  50290
4592  50263
4599  50411
4599  50411
4599  50411
4599  50411
4599  50411
4599  50411
4599  50411
4599  50411
4599  50411
4599  50411
4599  50411
4599  50411
4599  50411
4599  50411
4599  50411
4599  50411
4599  50411
4599  50411
4599  50411
4599  50411
4599  50411
4599  50411
4599  50411
4599  50411
4581  50397
4521  50536
4521  50536
4550  50775
4639  50909
4639  50909
4498  51035
4567  51253
4567  51253
4654  51432
4672  50950
4672  50950
4499  50478
4531  50450
4531  50450
4531  50450
4531  50450
4531  50450
4531  50450
4531  50450
4531  50450
4531  50450
4531  50450
4531  50450
4531  50450
4531  50450
4531  50450
4531  50450
4531  50450
4531  50450
4531  50450
4531  50450
4531  50450
4531  50450
4531  50450
4531  50450
4531  50450
4531  50450
4531  50450
4531  50450
4531  50450
4492  50577
4406  50417
4406  50417
4446  50415
4446  50415
4446  50415
4407  50377
4375  50360
4368  50372
4349  50540
4349  50540
4311  50744
4393  51129
4296  51172
4246  51425
4246  51425
4204  51450
4204  51450
4189  51447
4189  51447
4257  51468
4257  51468
4257  51468
4212  51699
4212  51699
4212  51699
4212  51699
4212  51699
4212  51699
4212  51699
4212  51699
4212  51699
4212  51699
4212  51699
4212  51699
4212  51699
4510  51820
4221  51890
4221  51890
4272  52235
4349  52271
4349  52271
4493  52370
4413  51812
4365  51798
4238  51159
4238  51159
4179  51110
4179  51110
4139  51067
4182  50862
4182  50862
4165  50845
4165  50845
4165  50845
4211  50760
4211  50760
4211  50760
4211  50760
4211  50760
4211  50760
4211  50760
4211  50760
4211  50760
4211  50760
4211  50760
4211  50760
4211  50760
4211  50760
4211  50760
4211  50760
4211  50760
4211  50760
4211  50760
4211  50760
4157  50745
4139  50635
4139  50635
4116  50670
4116  50670
4116  50670
4120  50781
4164  50740
4164  50740
4087  51019
4382  51148
4197  51122
4066  51286
4066  51286
4115  51271
4115  51271
4115  51271
4087  51376
4071  51390
4071  51390
4231  51553
4231  51553
4231  51553
4231  51553
4231  51553
4231  51553
4231  51553
4231  51553
4231  51553
4231  51553
4231  51553
4231  51553
4231  51553
4231  51553
4231  51553
4231  51553
4231  51553
4335  51467
4112  51222
4112  51222
4043  50827
3980  50712
3990  50719
4004  50540
4018  50494
4018  50494
4018  50494
4037  50612
3937  50761
3937  50761
3935  50974
4017  50985
4017  50985
4017  50985
4017  50985
4017  50985
4017  50985
4017  50985
4017  50985
4017  50985
4017  50985
4017  50985
4017  50985
4017  50985
4017  50985
4017  50985
4017  50985
4017  50985
4017  50985
4017  50985
4017  50985
4017  50985
4017  50985
4017  50985
4013  51244
3969  51510
3939  51526
4585  51754
4733  51737
4689  51719
3985  51665
4041  51879
4014  51896
4014  51896
4014  51896
4043  51939
4171  52027
4167  52022
4057  51259
3998  50857
3998  50857
3998  50857
3998  50857
3998  50857
3998  50857
3998  50857
3998  50857
3998  50857
3998  50857
3998  50857
3998  50857
3998  50857
3998  50857
3998  50857
3998  50857
3998  50857
3998  50857
3998  50857
3899  50586
3889  50395
3889  50395
3890  50164
4003  50201
3908  50209
4006  50354
3956  50469
4007  50794
4001  50981
4032  51321
3977  51348
3977  51348
3977  51348
3977  51348
3977  51348
3977  51348
3977  51348
3977  51348
3977  51348
3977  51348
3977  51348
3977  51348
3977  51348
3977  51348
3977  51348
3977  51348
3977  51348
3977  51348
3977  51348
3977  51348
3977  51348
3977  51348
3977  51348
3977  51348
3977  51348
3977  51348
3977  51348
3961  51623
4060  51648
4060  51648
4125  51880
3918  51856
3918  51856
4009  51829
4130  51889
4130  51889
3983  51210
3846  50715
3846  50715
3810  50689
3836  50628
3809  50586
3809  50586
3809  50586
3809  50586
3809  50586
3809  50586
3809  50586
3809  50586
3809  50586
3809  50586
3809  50586
3809  50586
3809  50586
3809  50586
3809  50586
3809  50586
3809  50586
3809  50586
3809  50586
3809  50586
3809  50586
3809  50586
3809  50586
3809  50586
3809  50586
3809  50586
3787  50623
3809  50538
3809  50538
3833  50589
3828  50507
3828  50507
3780  50595
3725  50500
3725  50500
3906  50456
3828  50451
3828  50451
3827  50902
3802  51229
3802  51229
3886  51291
3886  51291
3886  51291
3886  51291
3886  51291
3886  51291
3886  51291
3886  51291
3886  51291
3886  51291
3886  51291
3886  51291
3886  51291
3886  51291
3886  51291
3886  51291
3886  51291
3886  51291
3886  51291
3886  51291
3886  51291
3886  51291
3886  51291
3886  51291
3886  51291
3907  51306
3877  51392
3877  51392
3801  51575
3884  51573
3884  51573
3868  51535
3968  51402
3968  51402
3966  51413
4098  51207
4098  51207
3764  50577
3637  50339
3637  50339
3637  50339
3637  50339
3637  50339
3637  50339
3637  50339
3637  50339
3637  50339
3637  50339
3637  50339
3637  50339
3637  50339
3637  50339
3637  50339
3637  50339
3637  50339
3637  50339
3637  50339
3637  50339
3637  50339
3637  50339
3637  50339
3637  50339
3637  50339
3637  50339
3637  50339
3680  50252
3649  50147
3649  50147
3649  50147
3649  50147
3667  50014
3632  50008
3683  49979
3649  50075
3649  50075
3642  50219
3641  50508
3626  50547
3616  50862
3569  50906
3698  51074
3698  51074
3698  51074
3698  51074
3698  51074
3698  51074
3698  51074
3698  51074
3698  51074
3698  51074
3698  51074
3698  51074
3698  51074
3698  51074
3698  51074
3698  51074
3698  51074
3698  51074
3698  51074
3698  51074
3698  51074
3698  51074
3607  51319
3650  51523
3650  51523
3662  51797
3855  51775
3865  51795
3579  50759
3525  50670
3525  50670
3525  50670
3525  50670
3525  50670
3525  50670
3525  50670
3525  50670
3525  50670
3525  50670
3525  50670
3525  50670
3525  50670
3525  50670
3525  50670
3525  50670
3525  50670
3525  50670
3525  50670
3525  50670
3525  50670
3525  50670
3525  50670
3525  50670
3525  50670
3525  50670
3525  50670
3525  50670
3525  50670
3525  50670
3525  50670
3525  50670
3536  50363
3520  50195
3520  50195
3535  50108
3588  50231
3561  50251
3574  50306
3574  50306
3441  50305
3441  50305
3441  50305
3441  50305
3441  50305
3441  50305
3441  50305
3441  50305
3441  50305
3441  50305
3441  50305
3441  50305
3441  50305
3441  50305
3441  50305
3441  50305
3441  50305
3441  50305
3441  50305
3441  50305
3441  50305
3441  50305
3441  50305
3441  50305
3441  50305
3441  50305
3441  50305
3441  50305
3441  50305
3441  50305
3604  50580
3588  50856
3588  50856
3832  51168
3522  50935
3522  50935
3484  50742
3415  50938
3415  50938
3444  50963
3444  50963
3444  50963
3444  50963
3444  50963
3444  50963
3444  50963
3444  50963
3444  50963
3444  50963
3444  50963
3444  50963
3444  50963
3444  50963
3444  50963
3444  50963
3444  50963
3444  50963
3444  50963
3444  50963
3444  50963
3444  50963
3444  50963
3444  50963
3444  50963
3444  50963
3444  50963
3444  50963
3444  50963
3444  50963
3496  50835
3444  50710
3444  50710
3344  50524
3643  50615
3643  50615
3386  50611
3415  50756
3415  50756
3464  50850
3568  50863
3568  50863
3313  50602
3324  50296
3324  50296
3324  50296
3324  50296
3324  50296
3324  50296
3324  50296
3324  50296
3324  50296
3324  50296
3324  50296
3324  50296
3324  50296
3324  50296
3324  50296
3324  50296
3324  50296
3324  50296
3324  50296
3324  50296
3324  50296
3324  50296
3324  50296
3324  50296
3324  50296
3324  50296
3324  50296
3304  50153
3290  49994
3290  49994
3178  49890
3242  49909
3242  49909
3260  50003
3281  50080
3268  50088
3224  50459
3587  50463
3836  50489
3987  50532
3180  50723
3180  50723
3209  50756
3235  50727
3235  50727
3235  50727
3235  50727
3235  50727
3235  50727
3235  50727
3235  50727
3235  50727
3235  50727
3235  50727
3235  50727
3235  50727
3235  50727
3235  50727
3235  50727
3235  50727
3235  50727
3235  50727
3235  50727
3214  50862
3234  50981
3214  50994
3214  50994
3222  50955
3434  50936
3334  50644
3310  50573
3205  50425
3138  50030
3160  49856
3160  49856
3105  49580
3056  49600
3103  49495
3042  49675
3042  49675
3042  49675
3042  49675
3042  49675
3042  49675
3042  49675
3042  49675
3042  49675
3042  49675
3042  49675
3042  49675
3042  49675
3042  49675
3042  49675
3042  49675
3042  49675
3042  49675
3042  49675
3042  49675
3101  49637
3085  49697
3107  49701
3094  50117
2990  50302
3774  50660
3805  50652
3027  51054
3027  51054
3038  51094
3058  51293
3124  51198
3265  51232
3265  51232
2996  50782
2996  50782
2996  50782
2996  50782
2996  50782
2996  50782
2996  50782
2996  50782
2996  50782
2996  50782
2996  50782
2996  50782
2996  50782
2996  50782
2996  50782
2996  50782
2996  50782
2996  50782
2996  50782
2996  50782
2996  50782
2996  50782
2996  50782
3004  50668
2960  50315
2960  50315
2919  50298
2918  50110
2904  50090
2918  50033
2918  50033
2918  50033
2911  49957
2897  50036
2878  50058
2894  50087
2894  50087
2859  50108
3013  50324
2892  50425
2881  50617
3276  50794
3019  50723
3019  50723
3019  50723
3019  50723
3019  50723
3019  50723
3019  50723
3019  50723
3019  50723
3019  50723
3019  50723
3019  50723
3019  50723
3019  50723
3019  50723
3019  50723
3019  50723
2920  50771
2897  51020
2897  51020
2915  51223
3060  51494
3060  51494
3042  51488
3134  51520
3202  51321
3202  51321
2958  51024
2862  50677
2862  50677
2855  50381
2855  50277
2855  50277
2894  50167
2894  50167
2894  50167
2894  50167
2894  50167
2894  50167
2894  50167
2894  50167
2894  50167
2894  50167
2894  50167
2894  50167
2894  50167
2894  50167
2894  50167
2894  50167
2894  50167
2894  50167
2894  50167
2894  50167
2894  50167
2894  50167
2894  50167
2902  50277
2934  50301
2934  50301
2901  50284
2943  50358
2933  50322
2959  50618
2959  50618
2938  50892
3005  51033
3005  51033
3001  51339
3202  51428
3202  51428
3202  51428
3202  51428
3202  51428
3202  51428
3202  51428
3202  51428
3202  51428
3202  51428
3202  51428
3202  51428
3202  51428
3202  51428
3202  51428
3202  51428
3202  51428
3202  51428
3202  51428
3202  51428
3202  51428
3202  51428
3202  51428
3202  51428
3202  51428
3202  51428
3202  51428
3277  51316
3202  50880
3200  50892
3103  50394
3103  50394
3100  49935
3126  49693
3126  49693
3140  49610
3159  49845
3159  49845
3143  49916
3172  50350
3172  50350
3179  50413
3179  50413
3179  50413
3179  50413
3179  50413
3179  50413
3179  50413
3179  50413
3179  50413
3179  50413
3179  50413
3179  50413
3179  50413
3179  50413
3179  50413
3179  50413
3179  50413
3179  50413
3179  50413
3179  50413
3179  50413
3179  50413
3179  50413
3179  50413
3179  50413
3179  50413
3148  50452
3203  50614
3203  50614
3266  50942
3166  51203
3166  51203
3396  51583
3281  51738
3219  51719
3238  51756
3238  51756
3266  51898
3429  51968
3429  51968
3383  51336
3388  51161
3388  51161
3388  51161
3388  51161
3388  51161
3388  51161
3388  51161
3388  51161
3388  51161
3388  51161
3388  51161
3388  51161
3388  51161
3388  51161
3388  51161
3388  51161
3388  51161
3388  51161
3388  51161
3388  51161
3388  51161
3388  51161
3388  51161
3201  50664
3219  50267
3219  50267
3212  50052
3235  49897
3235  49897
3263  50008
3348  50275
3348  50275
3290  50562
3291  50949
3291  50949
3343  51006
3370  51229
3370  51229
3370  51229
3370  51229
3370  51229
3370  51229
3370  51229
3370  51229
3370  51229
3370  51229
3370  51229
3370  51229
3370  51229
3370  51229
3370  51229
3370  51229
3370  51229
3370  51229
3370  51229
3370  51229
3370  51229
3370  51229
3370  51229
3370  51229
3370  51229
3370  51229
3300  51286
3374  51577
3340  51629
3380  51751
3380  51751
3262  51987
3548  52239
3548  52239
3442  52190
3442  52190
3388  52408
3397  52547
3389  52515
3505  52470
3505  52470
3525  52086
3368  51753
3368  51753
3368  51753
3368  51753
3368  51753
3368  51753
3368  51753
3368  51753
3368  51753
3368  51753
3368  51753
3368  51753
3368  51753
3368  51753
3368  51753
3368  51753
3368  51753
3368  51753
3368  51753
3368  51753
3316  50634
3271  50715
3330  51287
3300  51552
3300  51552
3300  51552
3300  51552
3300  51552
3300  51552
3300  51552
3300  51552
3300  51552
3300  51552
3300  51552
3300  51552
3300  51552
3300  51552
3300  51552
3300  51552
3300  51552
3300  51552
3300  51552
3300  51552
3300  51552
3300  51552
3300  51552
3300  51552
3300  51552
3300  51552
3300  51552
3300  51552
3300  51552
3300  51552
3300  51552
3300  51552
3300  51552
3300  51552
3300  51552
3300  51552
3290  51458
3447  51808
3549  51811
3791  51850
3791  51850
3967  51818
3359  51975
3359  51975
3336  51944
3343  52224
3382  52306
3379  52338
3379  52338
3366  52333
3406  52326
3515  52316
3599  52109
3636  52040
3449  51744
3371  51367
3349  51137
3354  50893
3354  50893
3354  50893
3354  50893
3354  50893
3354  50893
3354  50893
3354  50893
3354  50893
3354  50893
3354  50893
3354  50893
3354  50893
3379  50910
3394  50795
3378  50691
3435  50571
3365  50609
3344  50665
3344  50665
3344  50686
3345  50899
3461  51091
3368  51254
2940  51174
2795  51463
2765  51507
4116  52714
3462  52532
3492  52493
3478  52511
3474  52535
3474  52535
3474  52535
3474  52535
3474  52535
3474  52535
3474  52535
3474  52535
3474  52535
3474  52535
3474  52535
3474  52535
3474  52535
3474  52535
3474  52535
3474  52535
3474  52535
3474  52535
3474  52535
3447  52666
3462  52741
3462  52741
3534  52703
3447  52677
3560  52696
3619  52672
3699  52279
3558  51839
3036  51012
3227  50596
3244  50376
3348  50081
3329  50024
3338  49733
3358  49750
3420  49721
3420  49721
3367  49801
3367  49801
3367  49801
3286  49945
3286  49945
3286  49945
3286  49945
3286  49945
3286  49945
3286  49945
3286  49945
3286  49945
3286  49945
3286  49945
3286  49945
3286  49945
3286  49945
3286  49945
3314  49957
3390  50013
3390  50013
3378  50447
3352  50855
3352  50855
3379  51249
3335  51635
3335  51635
3902  51979
3447  52510
3447  52510
3466  52397
3424  52320
3424  52320
3424  52320
3424  52320
3424  52320
3424  52320
3424  52320
3424  52320
3424  52320
3424  52320
3424  52320
3424  52320
3424  52320
3424  52320
3424  52320
3424  52320
3424  52320
3424  52320
3424  52320
3424  52320
3424  52320
3424  52320
3424  52320
3424  52320
3424  52320
3424  52320
3424  52320
3424  52320
3471  52394
3590  52361
3590  52361
3714  52377
3532  51923
3532  51923
3398  51468
3463  51220
3463  51220
3462  51005
3484  51062
3484  51062
3492  50976
3542  50877
3542  50877
3542  50877
3542  50877
3542  50877
3542  50877
3542  50877
3542  50877
3542  50877
3542  50877
3542  50877
3542  50877
3542  50877
3542  50877
3542  50877
3542  50877
3542  50877
3542  50877
3542  50877
3542  50877
3542  50877
3542  50877
3542  50877
3542  50877
3542  50877
3542  50877
3542  50877
3542  50877
3463  50998
3475  51046
3475  51046
3521  51155
3554  51302
3511  51299
3583  51513
3583  51513
3799  51552
3663  51150
3663  51150
3524  50602
3451  50496
3451  50496
3451  50496
3451  50496
3451  50496
3451  50496
3451  50496
3451  50496
3451  50496
3451  50496
3451  50496
3451  50496
3451  50496
3451  50496
3451  50496
3451  50496
3451  50496
3451  50496
3451  50496
3451  50496
3451  50496
3451  50496
3451  50496
3451  50496
3451  50496
3451  50496
3451  50496
3451  50496
3454  50391
3522  50324
3522  50324
3496  50429
3458  50572
3458  50572
3527  50700
3513  50964
3513  50964
3484  51318
4133  51679
4133  51679
3882  51680
3882  51680
3882  51680
3506  51814
3459  51809
3459  51809
3459  51809
3459  51809
3459  51809
3459  51809
3459  51809
3459  51809
3459  51809
3459  51809
3459  51809
3459  51809
3459  51809
3459  51809
3459  51809
3459  51809
3459  51809
3459  51809
3459  51809
3459  51809
3459  51809
3459  51809
3459  51809
3459  51809
3472  51811
3495  51948
3549  51952
3593  52104
3593  52104
3765  51938
3497  51478
3497  51478
3402  50793
3456  50714
3456  50714
3407  50477
3401  50780
3401  50780
3401  50780
3401  50780
3401  50780
3401  50780
3401  50780
3401  50780
3401  50780
3401  50780
3401  50780
3401  50780
3401  50780
3401  50780
3401  50780
3401  50780
3401  50780
3401  50780
3401  50780
3401  50780
3401  50780
3401  50780
3401  50780
3401  50780
3401  50780
3401  50780
3401  50780
3401  50780
3350  50790
3488  50949
3488  50949
3487  51099
3405  51188
3394  51203
3694  51461
3694  51461
3403  51525
3384  51760
3384  51760
3557  51847
3668  51770
3668  51770
3668  51770
3668  51770
3668  51770
3668  51770
3668  51770
3668  51770
3668  51770
3668  51770
3668  51770
3668  51770
3668  51770
3668  51770
3668  51770
3668  51770
3668  51770
3668  51770
3668  51770
3668  51770
3668  51770
3668  51770
3668  51770
3668  51770
3668  51770
3668  51770
3668  51770
3383  51512
3340  51164
3340  51164
3342  50958
3414  50931
3414  50931
3273  50734
3254  50661
3254  50661
3179  50762
3287  50861
3287  50861
3220  50953
3220  50953
3220  50953
3220  50953
3220  50953
3220  50953
3220  50953
3220  50953
3220  50953
3220  50953
3220  50953
3220  50953
3220  50953
3220  50953
3220  50953
3220  50953
3220  50953
3220  50953
3220  50953
3220  50953
3220  50953
3220  50953
3220  50953
3220  50953
3220  50953
3220  50953
3220  50953
3451  50964
3383  51111
3336  51152
3328  51371
3307  51363
3334  51361
3357  51370
3296  51419
3388  51354
3323  51307
3422  51292
3587  51330
3592  51309
3525  51007
3471  50917
3414  50892
3400  50890
3402  50884
3348  50714
3419  50707
3416  50679
3428  50451
3404  50367
3336  50377
3357  50378
3382  50341
3330  50336
3370  50474
3414  50486
3380  50449
3380  50449
3380  50449
3375  50531
3369  50638
3400  50607
3381  50651
3350  50705
3422  50953
3410  50920
3424  51046
3353  51071
3364  51190
3431  51222
3399  51383
3414  51386
3323  51465
3323  51465
3381  51337
3397  51458
3397  51458
3397  51458
3397  51458
3397  51458
3397  51458
3397  51458
3397  51458
3397  51458
3397  51458
3397  51458
3397  51458
3397  51458
3397  51458
3397  51458
3397  51458
3397  51458
3397  51458
3397  51458
3397  51458
3397  51458
3397  51458
3397  51458
3397  51458
3433  51466
3559  51387
3561  51425
3581  51135
3581  51135
3331  50536
3277  50429
3277  50429
3246  50419
3367  50216
3305  50261
3363  50276
3388  50362
3361  50160
3320  50223
3322  50193
3270  50298
3286  50433
3286  50433
3286  50433
3286  50433
3286  50433
3286  50433
3286  50433
3286  50433
