-0.018766 108.000000 0.227049 -0.018766 0.322443 82.000000 7.000000 11.000000 15.000000 7.000000 11.000000 15.000000 
 -0.023287 94.000000 0.255506 -0.023287 0.370135 62.000000 13.000000 7.000000 13.000000 13.000000 7.000000 13.000000 
 -0.002037 112.000000 0.253606 -0.002037 0.410818 84.000000 4.000000 10.000000 8.000000 4.000000 10.000000 8.000000 
 -0.003113 122.000000 0.200086 -0.003113 0.343570 62.000000 16.000000 3.000000 5.000000 16.000000 3.000000 5.000000 
 -0.002707 120.000000 0.231163 -0.002707 0.412510 86.000000 6.000000 2.000000 2.000000 6.000000 2.000000 2.000000 
 -0.001355 104.000000 0.212873 -0.001355 0.396560 72.000000 11.000000 1.000000 18.000000 11.000000 1.000000 18.000000 
 0.002136 106.000000 0.247542 0.002136 0.371817 82.000000 5.000000 9.000000 11.000000 5.000000 9.000000 11.000000 
 -0.018696 87.000000 0.237568 -0.018696 0.403349 60.000000 12.000000 12.000000 9.000000 12.000000 12.000000 9.000000 
 0.005562 104.000000 0.254555 0.005562 0.384859 74.000000 1.000000 15.000000 7.000000 1.000000 15.000000 7.000000 
 0.061147 116.000000 0.301686 0.061147 0.407767 78.000000 14.000000 16.000000 16.000000 14.000000 16.000000 16.000000 
 0.080212 116.000000 0.326118 0.080212 0.298462 74.000000 0.000000 0.000000 3.000000 0.000000 0.000000 3.000000 
 0.002104 110.000000 0.207496 0.002104 0.360435 78.000000 18.000000 18.000000 12.000000 18.000000 18.000000 12.000000 
 0.001736 126.000000 0.245714 0.001736 0.385857 86.000000 15.000000 13.000000 4.000000 15.000000 13.000000 4.000000 
 0.000000 112.000000 0.267762 0.000000 0.420619 74.000000 3.000000 17.000000 17.000000 3.000000 17.000000 17.000000 
 -0.014753 94.000000 0.271832 -0.014753 0.362489 70.000000 9.000000 14.000000 6.000000 9.000000 14.000000 6.000000 
 0.186503 110.000000 0.297903 0.186503 0.405795 68.000000 17.000000 8.000000 0.000000 17.000000 8.000000 0.000000 
 -0.000000 110.000000 0.262674 -0.000000 0.452884 82.000000 2.000000 5.000000 1.000000 2.000000 5.000000 1.000000 
 0.006472 100.000000 0.282734 0.006472 0.427751 62.000000 10.000000 6.000000 10.000000 10.000000 6.000000 10.000000 
 0.000183 124.000000 0.255966 0.000183 0.416291 86.000000 8.000000 4.000000 14.000000 8.000000 4.000000 14.000000 
 -0.018766 108.000000 0.227049 -0.018766 0.322443 82.000000 -0.009877 0.080357 0.977921 -0.009877 0.080357 0.977921 
 -0.023287 94.000000 0.255506 -0.023287 0.370135 62.000000 0.008356 0.006479 0.976381 0.008356 0.006479 0.976381 
 -0.002037 112.000000 0.253606 -0.002037 0.410818 84.000000 -0.036213 0.046861 0.964418 -0.036213 0.046861 0.964418 
 -0.003113 122.000000 0.200086 -0.003113 0.343570 62.000000 0.039059 -0.169261 0.955229 0.039059 -0.169261 0.955229 
 -0.002707 120.000000 0.231163 -0.002707 0.412510 86.000000 -0.020491 -0.218278 0.941511 -0.020491 -0.218278 0.941511 
 -0.001355 104.000000 0.212873 -0.001355 0.396560 72.000000 0.003144 -0.379417 0.986052 0.003144 -0.379417 0.986052 
 0.002136 106.000000 0.247542 0.002136 0.371817 82.000000 -0.022862 0.026320 0.969146 -0.022862 0.026320 0.969146 
 -0.018696 87.000000 0.237568 -0.018696 0.403349 60.000000 0.003519 0.089707 0.965675 0.003519 0.089707 0.965675 
 0.005562 104.000000 0.254555 0.005562 0.384859 74.000000 -0.093924 0.139282 0.959508 -0.093924 0.139282 0.959508 
 0.061147 116.000000 0.301686 0.061147 0.407767 78.000000 0.015968 0.141526 0.981910 0.015968 0.141526 0.981910 
 0.080212 116.000000 0.326118 0.080212 0.298462 74.000000 -0.098951 -1.101819 0.945877 -0.098951 -1.101819 0.945877 
 0.002104 110.000000 0.207496 0.002104 0.360435 78.000000 0.361821 0.508470 0.975256 0.361821 0.508470 0.975256 
 0.001736 126.000000 0.245714 0.001736 0.385857 86.000000 0.025471 0.101667 0.946034 0.025471 0.101667 0.946034 
 0.000000 112.000000 0.267762 0.000000 0.420619 74.000000 -0.036889 0.189349 0.984052 -0.036889 0.189349 0.984052 
 -0.014753 94.000000 0.271832 -0.014753 0.362489 70.000000 0.002490 0.121827 0.956077 0.002490 0.121827 0.956077 
 0.186503 110.000000 0.297903 0.186503 0.405795 68.000000 0.088886 0.018899 0.930332 0.088886 0.018899 0.930332 
 -0.000000 110.000000 0.262674 -0.000000 0.452884 82.000000 -0.042127 -0.042574 0.940510 -0.042127 -0.042574 0.940510 
 0.006472 100.000000 0.282734 0.006472 0.427751 62.000000 0.002506 -0.010487 0.966115 0.002506 -0.010487 0.966115 
 0.000183 124.000000 0.255966 0.000183 0.416291 86.000000 -0.007359 -0.103147 0.977501 -0.007359 -0.103147 0.977501 
 -0.018766 108.000000 -0.001308 -0.018766 -0.000000 82.000000 -0.010027 0.016803 0.977801 -0.010027 0.016803 0.977801 
 -0.023287 94.000000 0.012631 -0.023287 -0.000000 62.000000 0.009672 0.011984 0.976421 0.009672 0.011984 0.976421 
 -0.002037 112.000000 -0.000373 -0.002037 0.000000 84.000000 -0.037160 0.000554 0.964382 -0.037160 0.000554 0.964382 
 -0.003113 122.000000 0.000000 -0.003113 -0.002171 62.000000 0.039105 -0.028597 0.955130 0.039105 -0.028597 0.955130 
 -0.002707 120.000000 -0.000000 -0.002707 0.000000 86.000000 -0.018002 -0.010476 0.943978 -0.018002 -0.010476 0.943978 
 -0.001355 104.000000 0.003096 -0.001355 -0.000000 72.000000 0.005587 -0.004719 0.985618 0.005587 -0.004719 0.985618 
 0.002136 106.000000 -0.000000 0.002136 -0.001460 82.000000 -0.022485 0.015401 0.969639 -0.022485 0.015401 0.969639 
 -0.018696 87.000000 -0.001248 -0.018696 -0.000000 60.000000 0.004148 0.015384 0.965070 0.004148 0.015384 0.965070 
 0.005562 104.000000 -0.008794 0.005562 0.000000 74.000000 -0.094681 0.027209 0.959072 -0.094681 0.027209 0.959072 
 0.061147 116.000000 -0.028478 0.061147 -0.000000 78.000000 0.017350 0.012346 0.981694 0.017350 0.012346 0.981694 
 0.080212 116.000000 -0.019882 0.080212 0.000000 74.000000 -0.101387 -0.135144 0.949614 -0.101387 -0.135144 0.949614 
 0.002104 110.000000 -0.008740 0.002104 -0.000000 78.000000 0.359611 0.047860 0.974594 0.359611 0.047860 0.974594 
 0.001736 126.000000 0.000000 0.001736 -0.003312 86.000000 0.026814 0.041011 0.945139 0.026814 0.041011 0.945139 
 0.000000 112.000000 -0.000000 0.000000 0.000000 74.000000 -0.039573 0.015181 0.983610 -0.039573 0.015181 0.983610 
 -0.014753 94.000000 -0.006078 -0.014753 -0.000000 70.000000 0.001838 -0.000253 0.956608 0.001838 -0.000253 0.956608 
 0.186503 110.000000 -0.038622 0.186503 0.000000 68.000000 0.087188 -0.023074 0.929041 0.087188 -0.023074 0.929041 
 -0.000000 110.000000 -0.000000 -0.000000 -0.000000 82.000000 -0.042446 -0.012775 0.940292 -0.042446 -0.012775 0.940292 
 0.006472 100.000000 0.000000 0.006472 -0.002180 62.000000 0.002943 0.003284 0.966103 0.002943 0.003284 0.966103 
 0.000183 124.000000 0.000000 0.000183 0.000000 86.000000 -0.006598 -0.012275 0.977766 -0.006598 -0.012275 0.977766 
 